# list of object assets to load in this scene
[ASSETS]
mario.txt
brick.txt
coin.txt
goomba.txt
cloud.txt
brickplatform.txt
koopas.txt
#
[OBJECTS]
# type	x	y	extra_settings per object type
# type: 0 = Mario , 1 = Brick, 2 = Goomba, 3 = Koopas
# See OBJECT_TYPE constants in AssetIDs.h


#HollowPlatform

# MARIO
0	1800	700
#Goomba


#Brick
1	1514	720	10100
1	1530	720	10100

1	1578	784	10100
1	1594	784	10100
1	1610	784	10100
1	1594	768	10100
1	1610	768	10100
1	1610	752	10100

1	1674	784	10100
1	1690	784	10100
1	1706	784	10100
1	1674	768	10100
1	1690	768	10100
1	1674	752	10100

1	2106	784	10001
1	2106	768	10001
1	2122	784	10001

1	2266	752	10100
1	2282	752	10100
1	2266	688	10100
1	2282	688	10100


#Koopas


#HollowPlatformBBox

#Platform
5	10	800	16	16	39	61000	62000	63000
5	634	784	16	16	29	61000	62000	63000
5	634	800	16	16	29	61500	62500	63500
5	1162	800	16	16	22	61000	62000	63000
5	1546	800	16	16	5	61000	62000	63000
5	1674	800	16	16	36	61000	62000	63000
5	2266	800	16	16	40	61000	62000	63000

5	1962	784	16	16	7	20002	20002	20002
5	1978	768	16	16	5	20002	20002	20002
5	1994	752	16	16	4	20002	20002	20002

501	2266	496	16	16	12	20700	20900	20900
501	2282	496	16	16	12	20750	20950	20950
501	2266	768	16	16	2	20900	20900	20900
501	2282	768	16	16	2	20950	20950	20950
501	2330	768	16	16	2	20700	20900	20900
501	2346	768	16	16	2	20750	20950	20950

501	1802	768	16	16	2	20700	20900	20900
501	1818	768	16	16	2	20750	20950	20950
501	1866	752	16	16	3	20700	20900	20900
501	1882	752	16	16	3	20750	20950	20950

501	362	752	16	16	3	20700	20900	20900
501	378	752	16	16	3	20750	20950	20950